
moraes
37
0
6422280
rua
1965452835




moraes
37
0
6422280
rua
1965452835




moraes
0
6422476
6422280

1965452835




q
0
6422476
6422280

1965452835




q
0
6422476
6422280

1965452835




k
0
6422476
6422280

1965452835




l
0
6422476
6422280

1965452835




r
0
6422476
6422280

1965452835




1
1
1
1
1
1
1
1
1

q
0
1
1

1




moraes
37
19
19
1010
10120
1111111111112
1221321
21312

m
1
0
19

10120




moraes
37
431039021
2147483647

1965452835




moraes
1
1
1
1
1
1
1
1

a
0
6422476
6422280

1965452835



